%YAML:1.0
---
calibration_time: "Thu 19 Jul 2018 12:10:49 PM HKT"
image_width: 1280
image_height: 720
board_width: 7
board_height: 5
square_size: 1.
aspectRatio: 1.
flags: 2
camera_matrix: !!opencv-matrix
   rows: 3
   cols: 3
   dt: d
   data: [ 1.1464342780950556e+03, 0., 6.5411890742230298e+02, 0.,
       1.1464342780950556e+03, 3.6038685507049894e+02, 0., 0., 1. ]
distortion_coefficients: !!opencv-matrix
   rows: 5
   cols: 1
   dt: d
   data: [ 1.1895634992157347e-01, -4.4650462626218772e+00,
       5.0579422227231642e-02, -3.9487582126410247e-03,
       1.9528906042929172e+01 ]
avg_reprojection_error: 1.2875695594632205e-01
