%YAML:1.0
---
calibration_time: "Thursday, July 12, 2018 PM05:31:18 HKT"
image_width: 1280
image_height: 720
board_width: 7
board_height: 5
square_size: 1.
aspectRatio: 1.
flags: 2
camera_matrix: !!opencv-matrix
   rows: 3
   cols: 3
   dt: d
   data: [ 1.1026554207718445e+03, 0., 6.8550238357708952e+02, 0.,
       1.1026554207718445e+03, 2.9409967763610524e+02, 0., 0., 1. ]
distortion_coefficients: !!opencv-matrix
   rows: 5
   cols: 1
   dt: d
   data: [ -4.0753583402878379e-01, -4.4076766113846200e-02,
       1.4448135421305169e-02, -3.6289113525165397e-03,
       5.9977640299040857e-01 ]
avg_reprojection_error: 1.4184453139972403e-01
