%YAML:1.0
---
calibration_time: "Thursday, July 12, 2018 PM05:33:32 HKT"
image_width: 1280
image_height: 720
board_width: 7
board_height: 5
square_size: 1.
aspectRatio: 1.
flags: 2
camera_matrix: !!opencv-matrix
   rows: 3
   cols: 3
   dt: d
   data: [ 1.3022790073291119e+03, 0., 6.3002003676557285e+02, 0.,
       1.3022790073291119e+03, 3.0423384126890960e+02, 0., 0., 1. ]
distortion_coefficients: !!opencv-matrix
   rows: 5
   cols: 1
   dt: d
   data: [ -4.1360977556302236e-01, 2.1857919304467038e-01,
       8.4558479707102473e-03, 5.3449107879780596e-04,
       1.2015138610797959e-02 ]
avg_reprojection_error: 1.6146346873787262e-01
