%YAML:1.0
---
calibration_time: "Thu 19 Jul 2018 03:56:21 PM HKT"
image_width: 1280
image_height: 720
board_width: 7
board_height: 5
square_size: 1.
aspectRatio: 1.
flags: 2
camera_matrix: !!opencv-matrix
   rows: 3
   cols: 3
   dt: d
   data: [ 1.6143386142821269e+03, 0., 6.4286327646423001e+02, 0.,
       1.6143386142821269e+03, 3.1691488010304084e+02, 0., 0., 1. ]
distortion_coefficients: !!opencv-matrix
   rows: 5
   cols: 1
   dt: d
   data: [ -5.9311451932232861e-01, -8.6957445601079583e-02,
       2.8271561256623650e-02, 9.3993048274860526e-04,
       2.9933035454863721e+00 ]
avg_reprojection_error: 3.1950866154408097e-01
