%YAML:1.0
---
calibration_time: "2018年06月11日 星期一 18时31分36秒"
image_width: 640
image_height: 480
board_width: 8
board_height: 5
square_size: 1.
aspectRatio: 1.
flags: 2
camera_matrix: !!opencv-matrix
   rows: 3
   cols: 3
   dt: d
   data: [ 864.18479657645764, 0., 308.12437784956921, 0.,
       864.18479657645764 263.96402667705246, 0., 0., 1. ]
distortion_coefficients: !!opencv-matrix
   rows: 5
   cols: 1
   dt: d
   data: [ -0.41978714065619871, -1.3629169465114410,
       -0.014034087620517636, -0.0051155878200256771,
       7.2134879717918183 ]
avg_reprojection_error: 0.31441205943944062
