%YAML:1.0
---
calibration_time: "2018年06月14日 星期四 14时52分09秒"
image_width: 640
image_height: 480
board_width: 9
board_height: 6
square_size: 1.
aspectRatio: 1.
flags: 2
camera_matrix: !!opencv-matrix
   rows: 3
   cols: 3
   dt: d
   data: [ 8.7103219786881732e+02, 0., 3.1727854313105416e+02, 0.,
       8.7103219786881732e+02, 1.9722018092295366e+02, 0., 0., 1. ]
distortion_coefficients: !!opencv-matrix
   rows: 5
   cols: 1
   dt: d
   data: [ -5.2652882347853891e-01, 2.6222706012165936e-01,
       1.8389659974431042e-02, 1.7345586612256248e-03,
       1.1620845531175519e+00 ]
avg_reprojection_error: 2.0000299194679758e-01
