%YAML:1.0
---
calibration_time: "2018年06月14日 星期四 15时10分02秒"
image_width: 1280
image_height: 720
board_width: 9
board_height: 6
square_size: 1.
aspectRatio: 1.
flags: 2
camera_matrix: !!opencv-matrix
   rows: 3
   cols: 3
   dt: d
   data: [ 1.2549780237846012e+03, 0., 6.0496701233336523e+02, 0.,
       1.2549780237846012e+03, 3.2135476735516784e+02, 0., 0., 1. ]
distortion_coefficients: !!opencv-matrix
   rows: 5
   cols: 1
   dt: d
   data: [ -4.3485558040519523e-01, 2.9218380990783349e-01,
       4.3064851980692083e-03, 1.7951791278398872e-03,
       -9.5375650957606556e-02 ]
avg_reprojection_error: 2.3408829990739433e-01
