<?xml version="1.0"?>
<opencv_storage>
<images type_id="opencv-matrix">
  <rows>10</rows>
  <cols>600</cols>
  <dt>f</dt>
  <data>
    0. 0. 0. 0. 0. 0. 0. 0. 0. 0. 0. 123. 173. 123. 123. 77. 0. 0. 0. 0.
    0. 0. 0. 0. 0. 0. 0. 0. 0. 0. 14. 255. 255. 255. 255. 255. 43. 0. 0.
    0. 0. 0. 0. 0. 0. 0. 0. 0. 0. 93. 255. 255. 255. 255. 255. 255. 255.
    13. 0. 0. 0. 0. 0. 0. 0. 0. 0. 59. 156. 255. 255. 255. 255. 157.
    157. 255. 255. 255. 86. 0. 0. 0. 0. 0. 0. 0. 0. 33. 255. 255. 244.
    0. 0. 0. 110. 255. 255. 255. 255. 0. 0. 0. 0. 0. 0. 0. 10. 255. 255.
    255. 0. 0. 81. 81. 255. 255. 255. 255. 255. 109. 0. 0. 0. 0. 0. 0.
    95. 228. 255. 255. 0. 27. 255. 255. 255. 255. 255. 255. 255. 159. 0.
    0. 0. 0. 40. 64. 255. 159. 231. 255. 255. 255. 255. 255. 255. 255.
    255. 255. 255. 255. 0. 0. 0. 0. 159. 255. 248. 0. 35. 255. 255. 255.
    255. 255. 255. 255. 255. 206. 255. 255. 0. 0. 0. 0. 255. 255. 223.
    96. 255. 255. 255. 237. 0. 255. 255. 255. 255. 32. 255. 159. 0. 0.
    0. 96. 255. 255. 255. 255. 255. 255. 223. 0. 173. 255. 255. 255.
    255. 33. 255. 241. 0. 0. 0. 95. 255. 255. 255. 255. 255. 255. 30.
    114. 255. 255. 255. 255. 255. 223. 255. 159. 0. 0. 0. 95. 255. 255.
    255. 255. 255. 255. 255. 255. 255. 255. 255. 255. 255. 255. 255.
    159. 0. 0. 2. 255. 255. 255. 255. 255. 255. 255. 255. 255. 255. 255.
    255. 255. 91. 255. 255. 151. 0. 0. 31. 252. 255. 255. 255. 255. 255.
    255. 255. 255. 255. 255. 255. 253. 0. 255. 255. 0. 0. 0. 0. 96. 255.
    255. 255. 255. 255. 255. 255. 255. 255. 255. 255. 159. 0. 255. 255.
    0. 0. 0. 0. 96. 255. 255. 255. 255. 255. 255. 255. 255. 255. 255.
    255. 0. 159. 255. 223. 0. 0. 0. 0. 0. 255. 255. 255. 255. 255. 255.
    255. 255. 255. 255. 226. 0. 255. 255. 223. 0. 0. 0. 0. 0. 171. 255.
    255. 255. 255. 255. 223. 114. 255. 255. 26. 95. 255. 255. 0. 0. 0.
    0. 0. 0. 0. 33. 255. 255. 38. 38. 0. 231. 255. 255. 0. 96. 255. 255.
    0. 0. 0. 0. 0. 0. 0. 0. 41. 0. 0. 0. 26. 255. 255. 32. 0. 226. 255.
    32. 0. 0. 0. 0. 0. 200. 75. 0. 0. 0. 0. 0. 206. 255. 255. 7. 25.
    255. 255. 7. 0. 0. 120. 191. 199. 255. 215. 0. 0. 0. 0. 167. 255.
    255. 135. 0. 255. 255. 135. 0. 0. 0. 228. 255. 255. 255. 96. 0. 0.
    0. 0. 255. 255. 255. 0. 183. 255. 255. 27. 0. 0. 0. 190. 255. 255.
    255. 96. 0. 0. 0. 109. 255. 255. 159. 225. 255. 255. 51. 0. 0. 0. 0.
    159. 255. 255. 255. 199. 166. 166. 166. 221. 255. 255. 255. 255.
    255. 234. 0. 0. 0. 0. 0. 98. 255. 255. 255. 255. 255. 255. 255. 255.
    255. 255. 255. 255. 255. 223. 0. 0. 0. 0. 0. 255. 255. 255. 255.
    255. 255. 255. 255. 255. 255. 255. 255. 255. 125. 0. 0. 0. 0. 0. 0.
    0. 115. 255. 255. 255. 255. 255. 255. 255. 255. 255. 255. 115. 0. 0.
    0. 0. 0. 0. 0. 0. 0. 0. 0. 123. 255. 255. 255. 173. 123. 123. 0. 0.
    0. 0. 0. 0. 0. 0. 0. 0. 0. 0. 0. 0. 0. 0. 0. 0. 0. 0. 0. 255. 0. 0.
    0. 0. 0. 0. 0. 0. 0. 0. 0. 0. 0. 0. 0. 0. 0. 243. 255. 255. 255.
    243. 140. 157. 0. 0. 0. 0. 0. 0. 0. 0. 0. 0. 0. 0. 15. 255. 255.
    255. 255. 255. 255. 255. 74. 0. 0. 0. 0. 0. 0. 0. 0. 0. 79. 187.
    255. 255. 255. 255. 255. 255. 255. 255. 255. 226. 0. 0. 0. 0. 0. 0.
    0. 0. 255. 255. 255. 255. 255. 255. 255. 255. 255. 255. 255. 255. 0.
    0. 0. 0. 0. 0. 0. 122. 255. 255. 255. 255. 255. 255. 81. 81. 238.
    255. 255. 255. 0. 0. 0. 0. 0. 0. 0. 233. 255. 255. 255. 255. 0. 0.
    0. 0. 229. 255. 255. 255. 248. 0. 0. 0. 0. 0. 0. 255. 255. 255. 255.
    255. 57. 0. 0. 0. 249. 255. 255. 255. 57. 0. 0. 0. 0. 0. 0. 178.
    255. 255. 255. 255. 76. 0. 0. 25. 255. 255. 255. 195. 0. 0. 0. 0. 0.
    0. 0. 192. 255. 255. 67. 255. 222. 0. 0. 213. 255. 255. 255. 0. 0.
    0. 0. 0. 0. 0. 195. 255. 255. 255. 4. 255. 255. 0. 228. 255. 255.
    255. 255. 0. 0. 0. 0. 0. 0. 0. 27. 255. 255. 255. 25. 255. 255. 255.
    255. 255. 255. 255. 127. 0. 0. 0. 0. 0. 0. 0. 0. 255. 255. 248. 2.
    255. 255. 255. 255. 255. 255. 91. 0. 0. 0. 0. 0. 0. 0. 0. 0. 255.
    255. 255. 229. 229. 255. 255. 255. 255. 255. 0. 0. 0. 0. 0. 0. 0. 0.
    0. 0. 180. 255. 255. 255. 229. 255. 255. 255. 4. 0. 0. 0. 0. 0. 0.
    0. 0. 0. 0. 0. 255. 255. 255. 255. 0. 255. 255. 176. 0. 0. 0. 0. 0.
    0. 0. 0. 0. 0. 0. 231. 255. 255. 255. 255. 0. 255. 255. 0. 0. 0. 0.
    0. 0. 0. 0. 0. 0. 0. 25. 255. 255. 255. 255. 229. 0. 255. 255. 0. 0.
    0. 0. 0. 0. 0. 0. 0. 0. 0. 255. 255. 255. 255. 255. 229. 0. 255.
    127. 0. 0. 0. 0. 0. 0. 0. 0. 0. 0. 103. 255. 255. 255. 255. 255.
    229. 0. 255. 127. 0. 0. 0. 0. 0. 0. 0. 0. 0. 0. 255. 255. 255. 255.
    208. 255. 229. 0. 255. 127. 0. 0. 0. 0. 0. 0. 0. 0. 39. 255. 255.
    255. 255. 0. 0. 255. 235. 0. 255. 127. 0. 0. 0. 0. 0. 0. 0. 0. 178.
    255. 255. 255. 255. 0. 0. 255. 255. 6. 255. 127. 0. 0. 0. 0. 0. 0.
    0. 0. 200. 255. 255. 255. 190. 51. 255. 255. 255. 255. 255. 0. 0. 0.
    0. 0. 0. 0. 0. 73. 255. 255. 255. 255. 25. 178. 255. 255. 255. 255.
    255. 0. 0. 0. 0. 0. 0. 0. 0. 246. 255. 255. 255. 255. 255. 255. 255.
    255. 255. 255. 76. 0. 0. 0. 0. 0. 0. 0. 0. 0. 178. 255. 255. 255.
    255. 255. 255. 255. 255. 255. 76. 0. 0. 0. 0. 0. 0. 0. 0. 0. 0. 255.
    255. 255. 255. 255. 255. 255. 255. 255. 45. 0. 0. 0. 0. 0. 0. 0. 0.
    0. 0. 140. 140. 255. 255. 255. 255. 255. 255. 255. 0. 0. 0. 0. 0. 0.
    0. 0. 0. 0. 0. 0. 0. 132. 144. 218. 255. 132. 132. 0. 0. 0. 0. 0. 0.
    0. 0. 0. 0. 0. 0. 0. 0. 0. 0. 0. 0. 0. 0. 0. 0. 128. 0. 13. 0. 0. 0.
    217. 0. 0. 0. 0. 0. 0. 0. 0. 128. 255. 255. 255. 255. 255. 255. 255.
    128. 128. 255. 255. 140. 0. 0. 0. 0. 0. 0. 166. 255. 255. 255. 255.
    255. 255. 255. 255. 255. 255. 255. 255. 255. 0. 0. 0. 0. 0. 26. 255.
    255. 255. 128. 13. 166. 128. 217. 255. 128. 255. 255. 255. 255. 0.
    0. 0. 0. 0. 255. 255. 255. 128. 13. 0. 38. 0. 179. 255. 0. 0. 0.
    255. 140. 0. 0. 0. 0. 0. 255. 255. 255. 255. 255. 242. 128. 191.
    255. 255. 128. 128. 255. 255. 255. 0. 0. 0. 0. 0. 255. 255. 255.
    255. 255. 255. 255. 255. 255. 255. 255. 255. 255. 255. 128. 0. 0. 0.
    0. 0. 255. 255. 255. 255. 255. 255. 128. 191. 255. 255. 255. 128.
    128. 38. 0. 0. 0. 0. 0. 0. 255. 255. 255. 255. 255. 115. 0. 64. 166.
    0. 0. 0. 0. 0. 0. 0. 0. 0. 0. 0. 255. 255. 255. 255. 255. 0. 0. 0.
    0. 0. 0. 0. 0. 0. 0. 0. 0. 0. 0. 0. 255. 255. 255. 255. 255. 115. 0.
    0. 0. 0. 0. 0. 0. 0. 0. 0. 0. 0. 0. 0. 255. 255. 255. 255. 255. 255.
    255. 0. 0. 0. 0. 0. 0. 0. 0. 0. 0. 0. 0. 0. 255. 255. 255. 255. 255.
    255. 255. 64. 0. 0. 0. 0. 0. 0. 0. 0. 0. 0. 0. 115. 255. 255. 255.
    255. 255. 255. 255. 255. 0. 0. 0. 0. 0. 0. 0. 0. 0. 0. 0. 229. 255.
    255. 255. 255. 255. 255. 255. 255. 0. 0. 0. 0. 0. 0. 0. 0. 0. 0. 0.
    229. 255. 255. 255. 255. 140. 255. 255. 255. 76. 0. 0. 0. 0. 0. 0.
    0. 0. 0. 0. 255. 255. 255. 128. 0. 0. 255. 255. 255. 255. 0. 0. 0.
    0. 0. 0. 0. 0. 0. 0. 115. 255. 0. 0. 0. 0. 255. 255. 255. 255. 0. 0.
    0. 0. 0. 0. 0. 0. 0. 0. 0. 0. 0. 0. 0. 0. 255. 255. 191. 255. 0. 0.
    0. 0. 0. 0. 0. 0. 0. 0. 0. 0. 0. 0. 0. 115. 255. 217. 255. 255. 0.
    0. 0. 0. 0. 0. 0. 0. 0. 0. 0. 0. 0. 0. 0. 255. 255. 255. 255. 166.
    0. 0. 0. 0. 0. 0. 0. 0. 0. 0. 0. 0. 0. 0. 89. 255. 115. 38. 255. 76.
    0. 0. 0. 0. 0. 0. 140. 89. 0. 0. 0. 0. 0. 128. 255. 255. 0. 166.
    255. 0. 0. 0. 0. 0. 0. 0. 255. 255. 64. 0. 0. 26. 128. 255. 255. 26.
    255. 255. 255. 0. 0. 0. 0. 0. 0. 0. 255. 255. 255. 255. 255. 255.
    255. 255. 255. 140. 140. 255. 128. 0. 0. 0. 0. 0. 0. 0. 255. 255.
    255. 255. 255. 255. 255. 64. 0. 0. 255. 255. 0. 0. 0. 0. 0. 0. 0. 0.
    140. 255. 255. 255. 255. 255. 128. 0. 89. 128. 255. 89. 0. 0. 0. 0.
    0. 0. 0. 0. 0. 255. 255. 255. 255. 255. 128. 128. 255. 255. 242. 0.
    0. 0. 0. 0. 0. 0. 0. 0. 0. 76. 255. 255. 255. 255. 255. 255. 255.
    255. 0. 0. 0. 0. 0. 0. 0. 0. 0. 0. 0. 0. 0. 89. 140. 128. 255. 191.
    128. 0. 0. 0. 0. 0. 0. 0. 0. 0. 0. 0. 0. 0. 0. 0. 25. 140. 255. 255.
    32. 0. 0. 0. 0. 0. 0. 0. 0. 0. 0. 0. 0. 0. 0. 0. 44. 255. 255. 255.
    186. 166. 0. 0. 0. 0. 0. 0. 0. 0. 0. 0. 0. 0. 0. 0. 44. 255. 255.
    255. 255. 255. 14. 255. 159. 0. 62. 0. 0. 0. 0. 0. 0. 0. 0. 0. 7.
